9.399376285332485814e-01 -7.439214358333598454e-02 3.621071420050955836e-02 2.607353465075858134e-02 2.301412547210282891e-02 1.328006820389129872e-02 3.544872507168115444e-02 5.147469377142319114e-02 -1.653212989515933859e-02 -1.781917146371997107e-01 7.106686222039249046e-02 1.300337404987624290e-01 9.448772509189665506e-03 1.810122461494836216e-02 5.766913729476228628e-02 5.372349401578527597e-04 -6.577770216577981388e-02 -4.474207904721808071e-02 4.740292127045287601e-02 4.184427103164765904e-02 1.207285903217783507e-01 3.561187523227023893e-02 -1.620125528198860382e-02 -5.712064652561374932e-03 -2.834322882788279860e-02 4.495249333692821758e-02 5.099997773066236584e-02 5.149909123980685871e-02 1.703395929725365701e-02 2.585096341881999021e-02 -9.902341390975964719e-02 1.602158501391617584e-01 -9.625484772041626932e-03 2.129319376214850179e-01 2.593137859677922472e-02 -4.609564630738141600e-01 2.955216847371346447e-02 2.763734306778138361e-01 -2.072003894206565777e-02 -9.120621764021393657e-03 1.524164121713499076e-02 5.033656543111524051e-02 4.801379995031617581e-02 -7.928075991949778967e-02 -2.640013122825281711e-03 -5.440043827317796871e-02 2.536436877981433982e-02 1.101227698010318404e-02 -1.431626802138298571e-03 -3.561688935963669422e-02 -2.448359892613292954e-02 3.193287332516863558e-02 5.655670167232332290e-02 2.239547251102968484e-01 3.387702087071720047e-02 -4.836362973120753028e-02 -3.808648527594808986e-01 7.549954138512006419e-02 -7.305623400621772540e-03 -1.703238708432486433e-03 -1.521943493498758085e-02 1.793577185192079529e-03 -2.857469402728310404e-02 1.384548449013052115e-02 -6.766175286344561050e-03 1.537918734419526506e-02 1.091226024856778269e-02 7.955756053837964928e-03 3.008318707054206953e-02 3.335175955121853254e-03 -4.352528602914814033e-04 -1.328433756217522674e-02 7.042668313058087458e-03 -2.421213332637024446e-03 1.008537820975792879e-03 1.429804768145639948e-02 -1.500415738204362998e-02 6.643150049821908328e-04 -2.661731698090797488e-03 -3.391098798815923073e-03 -1.218006692142487891e-02 1.663225911561350134e-02 -7.916896719603596852e-03 -2.784044623402835705e-03 -3.825317501216836651e-03 2.502507182142296380e-02 -1.093111030778238374e-02 -5.009762734156233271e-03 -5.841736305971981409e-03 -4.162477728641184038e-02 -1.187167337315471645e-02 3.911221471415339372e-03 -3.717280019455312251e-03 2.788774630921732334e-03 1.626368057422176300e-02 5.445746817444136259e-03 1.527388771201629129e-02 2.076200186025772311e-03 2.489038818079153739e-03 -1.868732826152972454e-02 -4.194552011028496522e-03 6.025365521847221226e-03 8.732169138050310461e-03 -1.235811128823896890e-02 -1.538187332968139276e-03 3.739657002903622402e-04
-7.439214358333598454e-02 9.976373356713332807e-01 2.936695361971096777e-02 -1.553660349819806262e-03 -9.048089791346553001e-03 -1.616333574111165905e-02 -5.593239618476960467e-03 -3.963070630756062793e-03 6.349529264868790553e-03 4.396287419754421610e-02 -2.631800904798300283e-02 -3.902684201542062220e-02 -1.116985678767221102e-02 -6.627159420939381963e-03 -3.194123963280729589e-03 1.073274547952900865e-02 1.007995073729194696e-02 7.923782281474459066e-03 3.247674228481342573e-02 4.252424087259815827e-02 -2.367196470312110234e-03 1.104140355753620989e-02 1.079931775063528885e-03 -1.369130508125893445e-02 -4.197545626513680787e-03 -3.619497740774127968e-03 -1.848746546254674376e-03 -2.259097580008980616e-02 1.770078587557392252e-02 -3.774390155173777770e-03 -4.803790210872238564e-03 -1.543495974411347380e-02 4.514905165679767261e-03 -2.044328280819511859e-02 2.390515560423678992e-03 3.405231612027412313e-02 2.358699460779017584e-02 -2.904529834309425157e-02 7.233921942667131781e-03 4.505605481777264117e-03 4.676031114559213442e-03 -1.750289242962960873e-02 -3.310614579588393169e-02 2.949934085405095038e-02 1.458134407603924390e-02 -5.269937318741623085e-03 7.534802782427281118e-03 -1.503878501282411573e-02 1.728790564105241526e-02 5.725737533848423641e-03 2.165401252827455110e-03 8.551747851483913927e-04 -2.798583261846602013e-03 -1.581455263557299956e-02 3.878303988789826538e-03 2.460849233588729978e-02 1.161306940764049965e-02 2.714214824221198186e-03 -1.514174359602725103e-02 -6.510558316468942341e-02 -5.064082963908213969e-02 1.174907768596822610e-01 7.699981898935925537e-03 -5.723985034713262310e-02 -1.037709235383774912e-03 -5.393603359252627932e-03 -5.924963891190660435e-03 2.858988744000983892e-03 2.956315658793964504e-02 9.943157874900516394e-04 -6.179098285660326612e-04 3.070131501165026394e-02 -4.120960292432020340e-03 -4.743750193175791906e-04 -2.854230837011177517e-03 -1.358624882410481259e-02 3.497524116882537448e-02 7.493879320896862199e-03 -1.162104621289028993e-02 1.207207298265007556e-02 1.004112753275795099e-02 -1.083681591201784977e-03 -1.065485928379289113e-02 -2.871759410765235832e-03 -1.380830077451269088e-02 -4.920243906909686597e-03 1.264273624351309327e-02 -1.675649960750273150e-03 4.319931577220615868e-03 1.398487162488025182e-01 3.554148032927791773e-02 2.177849972125224000e-03 2.422692194220480572e-02 -1.562619059737330868e-02 -1.555652207446773768e-03 -1.343551537390732208e-02 4.524642755378071451e-03 2.029421145900058964e-04 -1.385671665906555716e-02 7.004359255408450398e-04 -1.284909577877426561e-03 5.830222707710142581e-03 -7.524712074304958087e-02 -1.189869365830014715e-02 6.317160387886905371e-03 4.002548945885557249e-03
3.621071420050955836e-02 2.936695361971096777e-02 9.538978529222488234e-01 -2.921101799806379712e-04 1.279075700647961528e-02 1.792033988661985433e-01 -1.072698890896045879e-02 -4.371207531499762822e-02 6.754845552011281944e-03 -1.764605261730856425e-02 5.287589561886031631e-02 9.793028825120286829e-02 -2.056707684669946412e-02 -2.525769116904743022e-03 -4.920475317904314527e-02 2.397405305405949510e-02 5.690640758304550510e-03 7.166674709836920627e-03 1.517359413764494437e-02 2.656207911106367101e-02 3.689212846003484675e-02 2.440516745246054664e-02 -2.773044296064362466e-02 -1.884680605877543311e-02 -1.079176986667513063e-02 6.927777403430966131e-04 3.838393845834293244e-02 -2.677778138272637887e-02 8.896173990721754909e-03 1.823297113328652824e-02 -4.743875268043173943e-02 -2.049981911204298290e-01 -1.496800960003037695e-02 3.389791635107473056e-01 -3.024450119306787421e-02 -1.038410117357801282e-01 -9.128314600151191116e-02 -1.735709985405458344e-01 -2.431275776530644195e-01 1.188580994596762086e-02 2.256237585683962266e-01 -1.079689509466000286e-02 1.134356392189825313e-01 1.131706824300118680e-01 4.601263318751144110e-02 -1.190248206446450907e-01 -7.841930106993784400e-02 -7.024431751894830156e-02 5.946030557499108055e-02 -1.644226291431696504e-02 -2.237135875745615773e-02 1.376535403640944955e-01 -4.870732143655930740e-02 4.972153031811689106e-01 -1.292553328679134639e-01 -2.108135494317008377e-02 -5.636614645795323675e-02 -2.905085165318541662e-01 -3.487022868900338524e-01 -7.134150225205594317e-03 -2.766121358031358758e-03 -9.585438284437772238e-02 -7.431594112025084221e-03 8.543744495151935070e-02 4.977356595554491628e-03 -2.429195716343432801e-03 1.225115488826952585e-03 7.446131881251689608e-04 -9.067279172658525635e-03 -1.295535618283971332e-02 3.337841069252490273e-03 4.132646076990735204e-03 -3.179452039429953372e-03 -1.070409411003160616e-02 -1.539547532915850822e-02 8.779357796872734251e-03 3.553566052539916184e-03 -6.287837906217052901e-03 -9.790166552935878827e-03 -9.212951617395204879e-03 5.367073583789404388e-04 -4.404385239197456357e-03 2.216280675413901530e-02 1.022452805051348237e-02 2.614932748974088412e-03 4.626347536540295104e-03 -1.772626273519170570e-02 -6.306311611194996732e-04 -3.394220039134711840e-03 4.662697094303065032e-02 3.616223383901137449e-03 -6.497206916846131296e-03 -4.464401355326525801e-03 -7.068729159303495033e-03 2.812164950728209510e-03 4.911987093774122619e-03 -1.295820818536153052e-02 -4.772120144768642741e-03 -2.573201490604348166e-03 -1.698434376589042036e-03 -1.200363099709229713e-02 -1.380349152622325527e-02 -1.627321180093371442e-02 3.059994605566167432e-03 5.995911974920102583e-03 1.265080326875701530e-02
2.607353465075858134e-02 -1.553660349819806262e-03 -2.921101799806379712e-04 9.167184096108358382e-01 -6.320852115440138419e-02 2.292946237565426579e-02 -1.720915917988630195e-02 -1.303130899595411271e-02 -2.891254921958949834e-04 -1.967038883870288538e-02 5.640232853089183207e-02 2.445026270645575192e-02 -1.320677309519635231e-02 1.674003644024339851e-04 3.636740117698011344e-03 9.925472556878570454e-04 -3.511770925631339801e-03 -2.351417615377154793e-03 -1.622084145888007603e-03 -1.745051664157191767e-03 -2.781675207552437423e-03 -3.292527092244872285e-04 -1.144728949722957981e-02 -1.179637870298228322e-02 2.218478442886748399e-03 2.393172253266084501e-02 -1.649712625901756519e-02 5.763240320629994980e-03 4.273722459282842424e-03 1.362757413993812283e-01 -2.155938815790103477e-02 8.821136611281199524e-03 -3.834832938912394271e-03 -1.384156067027791578e-02 2.789361914281292786e-03 5.126323664300561078e-03 4.166896494011731490e-03 3.051598474542401452e-03 -8.518461053100454330e-03 -1.313842843245523499e-03 -1.708703299882922619e-02 1.505451475665279919e-02 -2.251157959195881735e-04 -3.578732298186398583e-03 -9.814233871731910946e-03 -4.863240576710685728e-03 7.880502947222740298e-04 4.227140858404108970e-02 -1.606053457790780278e-02 1.133186844105698535e-03 -1.392900555561230741e-02 -1.248264332359750976e-02 3.612887689963443106e-03 -9.976566106551402330e-03 1.533759835895665002e-02 -4.831310037134063521e-04 -2.647200303411543013e-03 3.967881572567914447e-03 -9.318871796170358213e-03 2.853033375464394646e-04 9.915128812788004051e-03 -2.671048843484372277e-03 6.404023638830235246e-03 -4.385273425078791906e-03 -2.944915359318229890e-03 1.538518511898804165e-03 -4.324366884427876916e-03 -4.324923733768870583e-05 -5.705670181310042860e-03 8.573890526432101714e-03 -9.208148889466145036e-05 1.265239148534770021e-03 -4.107902676596823788e-03 -4.968484198403831133e-03 -2.943173524440041190e-03 9.268789982344900888e-04 -1.733160479045441201e-04 -2.492577617198924074e-03 -1.523684736419120972e-04 -1.274188562845374791e-03 -4.712388323597998738e-03 3.284594027557060855e-06 1.659007203817589732e-02 2.209318527952574066e-03 -1.825356488728345971e-03 -5.982477192336785321e-03 -1.377016364643672466e-03 6.028578925539168458e-03 -7.064029792463896685e-04 5.292101420346901177e-05 -7.983029801825065322e-04 -4.131163518270628107e-04 -3.110347309604732653e-04 -2.046355755988536231e-03 -1.932983002827203521e-04 -1.006792968927085110e-03 -1.588261540882557159e-03 -8.111350879841677406e-04 6.646360865285611853e-03 3.722766508013178148e-03 -2.592722068225174203e-03 -2.017464259810428442e-03 -6.279952539426391679e-03 5.942353168937250518e-04 -4.177064958377072444e-03 1.462199101942826193e-02
2.301412547210282891e-02 -9.048089791346553001e-03 1.279075700647961528e-02 -6.320852115440138419e-02 9.772040552228120625e-01 1.462558204630300118e-02 -4.566114995287161304e-04 6.523211686686966951e-03 -1.907824324048957394e-03 -1.701178751639571829e-02 1.600098938831338510e-02 1.911314178968231969e-02 -4.917608805793252831e-03 -2.413898970703554688e-03 -3.109443392675145367e-03 -6.582116137128851512e-03 -5.829318837313227433e-03 -8.460135770200365862e-03 -1.244853145499252162e-03 4.101862645417831549e-03 1.168281037092658552e-03 -1.058431525907552531e-02 4.069209704842105535e-03 -7.500887538309865786e-03 6.999848489128806389e-03 3.248395453845474845e-02 -1.086192259353318743e-02 1.790923439566437583e-02 1.559060175154959897e-03 2.464855642417104753e-02 -8.708336692494472037e-03 -3.979974931355099652e-03 -6.068487390459153738e-03 1.455267132979298425e-02 -3.063362543744636152e-03 -1.440058434228214460e-02 1.163257493307076184e-03 6.876529710757144261e-03 -1.157977271855412105e-02 6.369989364983107485e-03 3.185296952254646451e-03 1.839770506162430666e-02 -7.276084885978280261e-04 -9.141310334429371062e-03 -6.601822009795512737e-03 -1.626607324045982808e-02 -5.189858903439426886e-03 1.505442311409731920e-02 -5.870641474812142088e-03 5.240805578902901600e-03 1.418763721741364992e-03 -2.566896937153326230e-04 -3.221481957360401022e-03 1.504138997219324307e-02 8.830822001637837759e-03 -8.668954684180733318e-04 -1.584440499922611795e-02 -1.795029119495719291e-02 6.877498975951042322e-04 -9.624433595449042450e-03 3.731062273611520427e-03 -1.003619354476019410e-02 -1.807338663601717327e-03 9.690131206380247358e-03 6.993533198587789136e-03 3.836420166020266219e-03 9.771032060887592519e-03 -2.267004729918073880e-03 -7.154292645235823568e-03 -6.959306082258601145e-03 -5.062609578939098950e-03 -4.636023116517482695e-03 -1.823564730224004268e-03 -9.049542440231124821e-03 -3.763464720851314189e-03 1.643369202875101520e-02 -3.594384945057888230e-03 1.124109478249875772e-03 4.025774512440347813e-02 4.680185018649819437e-03 7.843398570985134731e-04 3.430676459690063483e-03 4.614174005779282835e-03 2.161763623106382603e-03 2.929386853048597007e-04 -8.968289718140270289e-03 -9.568349918634288728e-03 -5.845188545521903985e-03 -3.897660351082934266e-03 -1.282937602127488981e-02 3.967635717126713653e-03 -2.725990775467364985e-03 -3.856041577243740377e-03 -2.331533507407245777e-03 -4.435659695586679184e-03 -5.133250751128535030e-03 -3.183706215948885199e-03 -2.891229826381992718e-03 1.053672008319700253e-02 6.214588685466998323e-03 -4.546889564371476775e-03 1.073816640446076213e-02 4.766240674866762880e-03 4.070780006148775471e-03 -6.610634257465027377e-03 9.737057066614717565e-03
1.328006820389129872e-02 -1.616333574111165905e-02 1.792033988661985433e-01 2.292946237565426579e-02 1.462558204630300118e-02 9.357875679680440761e-01 6.971496875910719593e-04 5.806928656167487796e-03 -8.422538937987108371e-03 -2.374134935435080057e-03 9.367847326842071443e-02 8.317921576723399935e-02 -2.505637492890085485e-02 -1.112165627876288837e-02 -1.494866953682066624e-01 -3.213720265107065238e-02 -7.629557850814215614e-02 -3.619398492409730411e-02 -7.089820762124859031e-03 -7.883202203051027342e-04 9.286720197967883016e-04 -1.455336858212824720e-02 9.270551523193381119e-04 2.032313681260267471e-02 3.612139127134669087e-02 2.777730372504834053e-02 3.883286584722953766e-02 2.313692060594979213e-02 -7.478980506765861569e-03 3.868432037550305347e-02 -5.434277172393857380e-02 5.475854761700894163e-02 2.387376503174649597e-04 1.099813161202712747e-01 1.543103250096895763e-04 -1.225511697326901184e-01 8.288713551866014979e-04 -9.278531731322908760e-02 -6.124916222817673728e-02 1.420746949960215600e-03 5.892327325398205584e-02 8.555442939605426012e-02 1.071724321253319234e-01 -2.151920775858376031e-02 2.335802645652831216e-02 -1.204954593902436838e-01 -3.350433631936577950e-02 1.809737774486823436e-02 2.475642914192272351e-02 5.869773364252204792e-03 -2.090882717649363010e-02 8.273764116744317110e-02 -1.497541686612019751e-01 1.531215512747807483e-01 5.196527879578891757e-02 -2.888035415236373318e-02 -1.969989320377097675e-01 -5.237218949083279930e-03 -9.343834482313452539e-02 1.545056596720807045e-03 -5.787260984894435772e-03 -3.271631779188369921e-02 -1.407122767244751689e-03 3.015399872659364766e-02 2.925920744521835065e-06 -5.154677813470324825e-03 -1.054973432036848680e-02 -1.696858345180047830e-03 -6.597150542383876937e-03 1.538118211709866082e-02 -9.500441714442249596e-04 -1.261493095853386849e-02 1.488520940034092138e-03 7.981839795443918320e-03 5.196088075767324455e-04 9.505767183578036489e-03 6.344960016934616870e-04 -9.507584148642646282e-03 7.345605638378991005e-04 -4.101530728520737593e-03 9.807426503136364333e-04 -1.074688922358119081e-02 6.575745577845843251e-04 8.563797185633013898e-03 3.933300508699594418e-03 2.901807742361795796e-04 -3.743428077606157645e-03 1.096456512617681976e-02 2.373058460764983398e-03 1.281689726946514188e-02 -7.899896229259434355e-03 3.387879956818088626e-03 -6.878644775873498859e-03 -7.656438726975037246e-03 -4.046011694581720664e-03 5.743177571275790913e-03 -2.951776383735347023e-03 8.533561901487788769e-04 4.890629133155392598e-03 -1.237067156736961632e-02 1.407948438537904093e-02 -6.034456481771094914e-03 -4.424506570369062669e-03 -9.908008066105191899e-03 6.678808357386602571e-03 1.078897769749748332e-02
3.544872507168115444e-02 -5.593239618476960467e-03 -1.072698890896045879e-02 -1.720915917988630195e-02 -4.566114995287161304e-04 6.971496875910719593e-04 9.860472505112006791e-01 -4.704739213292481043e-02 -1.980087122769455359e-03 -2.556158492215986899e-01 -4.035660188239778567e-02 -5.117084330781795226e-02 -3.560737960715845002e-02 -2.505330395103304731e-03 -3.760158964629967127e-02 -1.941296663141176340e-02 -2.092350083674696104e-02 -9.425483972529725279e-03 -1.072146568165770371e-02 -1.261343488673426563e-02 -1.837214999231724655e-02 -1.364542483532046185e-02 2.434811547820270664e-02 -2.242059432660252049e-03 1.637525492717192138e-02 -4.235188286018789355e-03 -9.607617199042794986e-03 3.333996199519470051e-03 -5.617136062266934668e-03 8.256163693779369414e-03 1.910151036913396161e-02 2.692229014142165713e-02 1.056938595111010966e-02 -1.696821188431498276e-02 2.593143886478858646e-03 -6.997991746581231146e-03 2.665491412295987149e-03 8.497222944499872865e-03 1.209587959556411851e-01 8.992508033050961025e-02 -2.908100586856185443e-02 1.926307813070267036e-02 -1.871138224185514565e-02 -7.625686539702121979e-03 -3.017163630930001436e-02 -2.751457717052547408e-02 -9.280577238544364740e-03 1.742219761174476980e-02 7.233549678714403831e-03 -5.457644683907707239e-02 4.110023737677273581e-02 -1.714392517197325244e-02 -3.766035802971343799e-02 -8.921642894087106895e-03 2.659317746829103005e-02 -5.273473413260231467e-03 -2.933111203817432774e-02 2.389129480709819425e-02 -1.426838474252856322e-02 2.218650205858290966e-02 1.430032485939068156e-02 5.522689456857186874e-02 1.124150172577857362e-03 -5.968843127186642533e-02 4.494029862159432467e-03 -4.708405912216121793e-03 -3.628180397806695517e-03 4.153926028163810319e-03 -2.186957926945476763e-03 -6.898476351403059169e-03 -4.518560090222257207e-03 -1.713540487269375398e-03 5.379902285828635708e-03 7.981268643872099430e-04 4.135537238870268945e-03 -5.083008907576730753e-03 -1.913073884392132822e-03 -5.311301575417803726e-03 -1.043501388560661792e-03 -3.036632865077763810e-03 -4.396410743830882206e-03 -3.118258436067431350e-03 -3.720699726665929307e-03 3.735990328369437341e-03 -4.641516970580266375e-03 -4.835947576891170413e-03 -8.331702006601871685e-03 4.817845465717145691e-03 5.621230468219776816e-03 -2.024782482007489448e-02 1.464191743605373344e-03 -2.829243323535290087e-03 -4.002097140559206234e-03 1.217497324406685913e-02 -2.492956202902033014e-03 7.406304140187237525e-04 1.769551393253452481e-02 -2.282844230771391165e-03 -4.123004831463922444e-03 -8.706001146200709195e-03 -3.818075892957037941e-03 -4.022157197016830096e-03 1.270920814378807828e-02 2.323890245881300894e-03 -4.803060807720249681e-03 -4.941452727643091437e-03
5.147469377142319114e-02 -3.963070630756062793e-03 -4.371207531499762822e-02 -1.303130899595411271e-02 6.523211686686966951e-03 5.806928656167487796e-03 -4.704739213292481043e-02 9.975163633263970375e-01 -3.464529494157566475e-03 -3.932681823357790929e-01 -5.379746054530817889e-02 -7.610035722353251930e-02 -5.335491207759897325e-02 -4.383539969847211754e-03 -6.165787159372786153e-02 -2.018549509271348741e-02 -2.200194667481175648e-02 -8.087860602539718308e-03 -1.043646404511492168e-02 -1.261203956714003482e-02 -9.623612183693014063e-03 -9.963733698234451819e-03 1.029128220471054941e-02 -4.297283101951435841e-03 3.854069291615079551e-02 -4.636950623136990718e-03 -4.030210251605484406e-02 1.261276276617996350e-01 3.691386172344054452e-03 -1.578741955529011989e-02 -2.301794580890108993e-02 3.776178403215010859e-02 -5.610284061345748897e-03 -2.680158946146968041e-04 -4.954713756295191750e-03 -3.075737333605136486e-02 -1.913994637608542812e-03 1.558964899308482553e-02 2.063597501475597160e-02 -3.930085902074195552e-03 -4.753104979732337976e-02 -2.535486762098186631e-02 -2.383918504995146195e-02 -2.269767892363919182e-02 -5.940154468490702749e-02 -2.324623097992794488e-03 -1.615854717630843887e-02 1.623379169068542294e-01 2.338284220687701642e-01 -9.124885800251342216e-02 -1.770019224934934673e-02 8.723584181781283975e-03 -6.176761308601692174e-02 -1.114554354717929574e-02 3.096180149684240289e-03 -1.242843821582417622e-02 -2.767666903175914836e-02 3.434463113410490126e-02 2.701608177638232383e-02 2.404964929442203470e-02 -2.208845834978640996e-02 3.859967250126651594e-02 -8.571983325955151792e-03 -2.585424460483150277e-02 -5.756081381279348069e-03 -7.233064697066372492e-03 -5.958483453451905894e-03 -9.580400523497465196e-03 -4.251002110317015324e-03 -2.722607096383154648e-03 -2.765326184576226073e-03 -2.413178027852525172e-03 -4.270678143474329613e-03 8.922373803284181079e-04 2.537981733722485898e-03 -3.261337783572903614e-03 -1.581437755272902587e-03 5.498665033509434613e-03 -1.825799125850008711e-03 1.843848838092483578e-03 -7.209384043370564189e-04 -4.889510742762162229e-03 -1.052267255738078763e-02 -7.100184102568077131e-03 -7.309195182820360515e-03 -7.197288847871838313e-03 -1.411564885438867760e-03 -1.296603527417463167e-02 -6.220420375788701314e-03 -1.956743630946021495e-02 5.299866887564907286e-04 1.466420599706321458e-03 -2.464045135900716672e-03 -6.181436891131897662e-03 -4.960206190739044341e-03 -4.052461515223940158e-03 1.654131455827073877e-03 -3.455436770677753483e-03 -1.290301983742861425e-02 -4.684687636357092767e-03 -6.004152482721073630e-03 -6.396893825960855984e-04 3.239681683972676918e-02 -2.323073712550200419e-03 -4.425194410237866596e-04 -8.998266626223987152e-03
-1.653212989515933859e-02 6.349529264868790553e-03 6.754845552011281944e-03 -2.891254921958949834e-04 -1.907824324048957394e-03 -8.422538937987108371e-03 -1.980087122769455359e-03 -3.464529494157566475e-03 9.999422168386566945e-01 -2.228803698424757299e-02 -1.600443703071542179e-03 -3.854059639974469209e-03 -2.774463548769848156e-03 -3.408530188562708309e-04 -4.159495766598218097e-03 2.564805804590441704e-02 -3.364775173459116399e-03 -1.923835440917365594e-03 -1.349364999341553769e-03 -1.847096249614522522e-03 1.467415994974846996e-02 -2.274042911305907029e-03 -2.644455175683647734e-03 -2.942885235673744094e-03 -4.843628020552305513e-03 -5.391906958914492211e-04 -5.846005838097114750e-03 -1.968457288028599515e-03 -7.642176807855276472e-04 -6.793102652309720860e-04 3.227837983025633878e-03 2.359530597294116927e-04 -1.867860374105939473e-04 -4.905928896694674614e-03 -1.967162033405273937e-03 7.790370497482094168e-03 -3.156674762399354090e-03 -3.013250509603991253e-03 -5.856183802547911856e-03 -2.566314230585786779e-04 -5.527347769533330450e-03 -3.662463069948022117e-03 -3.014384718491596241e-03 -3.709897085626411972e-03 -4.263449603528261973e-03 -6.053487344612302860e-03 -1.244229612168985984e-03 -3.996259106376231010e-03 -1.783994374481915213e-03 -4.889786390495983771e-03 -2.167846259010413560e-03 -3.427460488308660663e-03 5.729672288174102873e-02 -8.643967694012813160e-03 -4.367236269080921642e-03 -3.192069526694900870e-03 1.838280912993719984e-02 -6.070352197523515986e-03 8.942891783122004432e-03 -1.592417190811664263e-03 -2.549715024619147574e-03 1.082550014570150300e-02 -1.641452331925373096e-03 -6.933071323390822653e-03 -2.683713978918364994e-04 -7.380125313413749997e-04 -6.048556547679203926e-04 -7.243648194827749520e-04 -7.745430436977801363e-04 -8.822081638178684440e-04 -4.869814967589324289e-04 -1.027915927035809134e-03 -6.937722393905184195e-04 -3.686276584023844309e-04 -8.028971682813585819e-04 -4.058267195205873985e-04 -8.482600364792765085e-04 -5.906038742526592902e-04 -1.419695378965582229e-04 -3.492668332685433443e-04 -2.852043852840091260e-04 -2.931844420041492547e-04 -6.364104631902931008e-04 -4.438522502749004187e-04 -4.436168388506365524e-04 -5.825224761486047335e-04 -8.558571012332013075e-04 -5.333456035607103728e-04 -4.441404659829033459e-04 -2.654644311726189840e-03 -5.884487433046895963e-04 -3.849217371847065989e-04 -5.444898185013087198e-04 -1.011474798068441681e-03 -7.160050635977730166e-04 -5.380381811351925801e-04 -9.542074350570889808e-04 -1.859198284670064976e-04 -7.554896883109472232e-04 -5.110003753069321860e-04 -3.629873994526968306e-04 -4.372692082728722599e-04 5.238086079316882360e-03 -8.733715451099955101e-04 -2.960936439887184570e-04 -1.917919385804526915e-03
-1.781917146371997107e-01 4.396287419754421610e-02 -1.764605261730856425e-02 -1.967038883870288538e-02 -1.701178751639571829e-02 -2.374134935435080057e-03 -2.556158492215986899e-01 -3.932681823357790929e-01 -2.228803698424757299e-02 9.879267547357686308e-01 -2.736816656105351409e-01 -4.317226276829715936e-01 -3.047140835559711824e-01 -2.820022203151196713e-02 -3.788588886292095226e-01 1.407876388273969839e-02 2.806735403644600169e-02 1.651419433404905518e-02 1.803778502290028646e-02 2.004915403075163347e-02 -1.611363962326746446e-02 9.720316097688280754e-03 -4.825808077129458210e-03 1.909421534445346000e-02 -1.838555231631662859e-02 -5.231957398830159450e-02 5.593117231979063270e-02 -7.918937551545955633e-02 6.900440452175360395e-03 -6.096768877296931954e-02 -6.842959215408472330e-03 -7.462198155391345372e-03 -2.179556465884967785e-03 -5.854722486005540377e-02 3.386971256786621386e-03 7.942374094797359507e-02 1.062241045673162528e-02 -4.489066840600886010e-02 3.539030296963009692e-02 -2.391036140442808974e-02 7.077583002698029091e-02 -1.205550443366932428e-02 -9.841875804469192579e-02 9.938307296041723471e-02 1.409035579080194223e-01 8.705359285931825453e-02 4.089679538756199606e-02 -9.977259340297083001e-02 -1.221519794183755225e-01 8.424579504551564513e-02 3.574012228437406513e-02 4.457627179951779289e-02 -3.795946590033589807e-01 -5.242453563375581299e-02 2.124328485256197357e-02 2.867868719658492674e-02 4.089354837217214211e-02 3.296321731942094668e-03 -2.038070163556361669e-02 -2.187636880665971839e-02 1.466808751548752919e-03 -7.489427574392770216e-03 1.463696013253151622e-02 7.832787621566481354e-03 5.123713937935711962e-03 -6.453523545797607702e-03 -2.223517730153680514e-03 1.002015847050023896e-02 2.093697798199446042e-03 1.376169129207468686e-02 1.365640755093218070e-02 1.362489533613607182e-02 3.137371463532096730e-03 -1.198796932294119311e-03 2.053861319486593572e-03 -1.841801480935180250e-03 2.191226838649201758e-02 6.869625919605479303e-03 4.622324471266099633e-03 -9.251456377430730682e-03 3.900217640967380394e-03 -2.725298293095100403e-03 5.454226380030249843e-03 -6.383338622997969738e-03 1.569677934812553979e-02 -6.949287830039816566e-03 1.618996133195708953e-02 5.055506414186639388e-03 8.883850095745838768e-03 4.661905075924185904e-02 6.836680410653531506e-03 2.291257752815429889e-03 1.048444933913176766e-02 1.899443448838687709e-02 8.027171652608000238e-03 -2.930704710662096783e-04 4.507649934825597865e-03 1.526103769237710430e-03 -1.951980359957678629e-02 -1.594554637735540528e-02 -5.820837375504316590e-03 3.942265759472853015e-03 -4.505893815358048837e-02 9.826098038465692561e-03 6.903751911981068426e-03 7.313326474241959273e-03
7.106686222039249046e-02 -2.631800904798300283e-02 5.287589561886031631e-02 5.640232853089183207e-02 1.600098938831338510e-02 9.367847326842071443e-02 -4.035660188239778567e-02 -5.379746054530817889e-02 -1.600443703071542179e-03 -2.736816656105351409e-01 9.722598585397402848e-01 -5.805125689213920526e-02 -3.989776927978273824e-02 -2.024981733804388697e-03 -3.552803416937916348e-02 -1.552457262619761367e-03 -1.020135570965559693e-02 -5.271577405700045987e-03 -6.624492340707860416e-03 -5.213105432837724859e-03 -1.560751697373053814e-03 -2.759024733610919954e-03 -1.402467343554585077e-04 -1.123681090734976636e-02 1.453492926913830911e-02 1.558886220145691733e-02 -1.288851780346119552e-02 -1.130168642628653561e-02 -4.540158832789599301e-03 6.037377940000768217e-02 1.190391440908766807e-03 -7.224070618393063289e-03 -5.359888572842122847e-03 4.580528265670522070e-02 -9.219036364256038424e-03 -4.117751409143928509e-02 -3.284903158386992799e-03 4.452366544034466050e-03 -3.878396043802796733e-02 -2.358841654090332654e-03 -1.667017718616408545e-02 9.853403122512098544e-02 2.494935992066730363e-02 -2.548432406629349070e-02 -2.975414895756635369e-02 -2.578524763439486028e-02 -7.600047418881271215e-03 -1.502089105163529822e-02 -2.363281516875489000e-02 8.788079419250212354e-02 -3.200096991230605425e-02 -1.905768841121941587e-02 -3.556694179117845384e-02 5.619638071434072957e-02 -1.820303314570713774e-02 -1.403549521514088454e-02 -2.236351860699515443e-02 -1.621057977334368697e-02 -1.932042896432270562e-02 -1.088136380993407967e-02 6.930869251660976005e-03 -3.628217554398979749e-02 -3.187276138148779914e-03 3.077064125552508161e-02 -4.647691036434563501e-03 4.858881767711813182e-03 -8.571556988993117576e-03 -4.654087469539579421e-03 2.067691732989478809e-02 2.250018672420479003e-03 -4.338464945476928729e-03 -4.871020435630811149e-03 -5.123370715480718429e-03 -1.269944985791803937e-03 3.920433471840203271e-03 6.135396624205943436e-03 -5.728793074953283417e-03 -2.404832701325505459e-04 -8.434301739870757710e-04 1.563318783811623244e-02 -5.234191414547354794e-03 6.230339246702993640e-03 6.627115573509615061e-03 9.442492890543081364e-04 -4.760597234479300652e-03 1.041221751914884466e-03 -4.219224418425418163e-03 -2.659535184806758636e-03 -3.312348326668875225e-03 -8.361663685443960353e-03 -4.419363966178236312e-03 -2.286790621249276765e-03 -3.234772396645445997e-03 -1.360138709925581835e-02 -2.952085620026146436e-03 5.693360993619953417e-03 -8.293453124450527250e-03 -2.514701132104600091e-03 1.821700409631483997e-02 2.003074721981373818e-02 1.864876008946945302e-02 -3.841508571869789793e-03 -7.424790213315435317e-03 -6.583234197157743564e-03 2.792063301244319430e-03 2.252448824854558218e-02
1.300337404987624290e-01 -3.902684201542062220e-02 9.793028825120286829e-02 2.445026270645575192e-02 1.911314178968231969e-02 8.317921576723399935e-02 -5.117084330781795226e-02 -7.610035722353251930e-02 -3.854059639974469209e-03 -4.317226276829715936e-01 -5.805125689213920526e-02 9.795893724508941691e-01 -5.839875050488854691e-02 -4.876397937003008366e-03 -6.814909969554085178e-02 -3.292463098322290661e-03 -1.722889092045261014e-02 -1.499353648335307633e-02 2.883077780690661805e-03 -7.766659226399783879e-03 3.709095562824989839e-02 -2.023782291491366212e-03 -6.962381423041490852e-03 -2.434260671717355072e-03 -1.041864389767723983e-02 1.206462447740225784e-02 1.373298122353064019e-02 -9.042980047918765252e-03 -1.093324487638533404e-02 6.988676685903977281e-02 -1.797453203152091575e-02 -1.416725890592311805e-02 3.124633618766247366e-03 1.036474852853173506e-01 -1.154099597568074460e-03 -9.483603384875313735e-02 -1.492997447052010415e-02 2.584435994937705951e-03 -8.187836631345753180e-02 -4.337934062093708534e-03 7.000387000057270437e-02 2.133290462184976588e-02 2.385159890912857128e-01 -4.977603886414532636e-02 -5.672759720867457528e-02 -2.791043753707758701e-02 -1.796682260945010184e-02 1.032043566780812584e-02 -3.763686561597867630e-02 3.606136747838062373e-02 -3.176747167083766171e-02 2.529471884426449544e-04 -6.827191803653415159e-02 1.068100779620694413e-01 -3.168272723106013711e-02 -1.484327880481174124e-02 -6.760780583504025221e-02 -3.572061724372040808e-02 -2.600451021077324065e-03 2.336423324156902941e-04 -5.809728821235704554e-03 -5.396639045754886288e-02 -1.669207895066211061e-02 5.224553169834016825e-02 -9.957502564307066373e-04 2.913036251862438381e-03 -2.496945188136970827e-03 1.492345208854489215e-03 5.355843697945524831e-04 -7.617202083019049969e-03 -8.121655661790922603e-03 -7.373538877818682988e-03 5.772799665485997371e-03 -8.100462128766308494e-04 -8.577479366350716089e-03 1.557846760371313713e-02 -1.268630650745337929e-02 -9.642359453238652858e-03 -2.031080622492487889e-03 6.764206369813174696e-04 -6.908199217587287014e-03 1.385928247620788097e-02 -3.220664268572359049e-03 2.069995882324312045e-02 -3.448144062507497217e-03 1.837835096226284048e-02 -3.884101906412583492e-03 3.404588274515098646e-03 -6.892324820686304525e-03 -1.780317840202214411e-02 -5.161932653211261275e-03 3.218246766579875226e-04 4.552360723073004770e-04 -1.429807565043132896e-02 -7.403330889634391829e-04 -1.810747139387520327e-03 -7.491447249474003124e-03 -3.786426189148736458e-03 3.278278528224964211e-02 -9.927911897615829956e-03 8.704782706000280257e-03 -1.869519146935339805e-03 1.437252065497779049e-02 -4.560264666104260796e-03 -1.636859133406436346e-03 -6.165424362732836901e-03
9.448772509189665506e-03 -1.116985678767221102e-02 -2.056707684669946412e-02 -1.320677309519635231e-02 -4.917608805793252831e-03 -2.505637492890085485e-02 -3.560737960715845002e-02 -5.335491207759897325e-02 -2.774463548769848156e-03 -3.047140835559711824e-01 -3.989776927978273824e-02 -5.839875050488854691e-02 9.831836946695974300e-01 -3.510425263064570305e-03 -4.859409661673076003e-02 -2.248256771894302161e-02 -2.489550296639750360e-02 -9.691029643204923660e-03 -1.211626131201658935e-02 -1.305202955361496261e-02 -1.961338389565857668e-02 -1.792594769507001654e-02 -9.764421505610632913e-04 -7.130442388606451562e-03 2.114462610183204944e-02 9.767806215112764812e-02 -4.586395930695098128e-02 6.720986772961180800e-02 -3.670812904292751217e-03 3.991193802121798320e-03 1.340802987680753296e-02 1.614448476374163999e-02 2.102033730661451161e-03 -8.646471347669944241e-03 3.633461273671106766e-03 -2.718015705238951713e-04 1.642291546325929091e-03 -1.065021442664690343e-02 4.842756304334992767e-02 -3.086923473846904086e-03 -4.984402161105658258e-02 1.251440289863377589e-02 -2.084159562959691722e-02 -3.587552047808858363e-02 -4.258908080637537757e-02 -1.717215211155944526e-03 -1.292501899534508059e-02 1.109590295898238016e-01 1.004974542523816017e-01 -6.588892973168798683e-02 2.289447820151570279e-02 -1.503481184923397516e-02 -4.868328942370054452e-02 -9.338725084008073912e-03 1.281482229991867325e-02 -1.325574457253955209e-02 -9.694119274246210116e-03 1.491706228026083540e-02 9.752268306056901745e-04 5.618547849792458401e-03 1.145775517235577724e-02 1.843207927378218841e-02 -1.125455976919103804e-02 -1.972274587044102467e-02 -4.388634109202703068e-03 -3.934362299768628599e-03 2.231104664477386382e-02 -7.646796352817549457e-03 -1.134719492081403061e-02 -9.424908418286866152e-03 -5.784472807708179558e-03 -1.169273871814302534e-02 -4.780732315070378852e-03 -6.608877880231503986e-04 -4.821942818065112248e-03 -5.899368822073227520e-03 -9.102986034953047811e-03 1.958407596541321231e-03 -1.462135949657049003e-03 4.568642652854794893e-03 9.142922008181958091e-03 -3.808337573594174942e-03 1.630508000341151023e-02 -3.397755956254128532e-03 -5.699567261544515213e-03 -2.559987314441596138e-03 -3.051342665183047823e-03 -1.819034530746676832e-03 -4.932680714282988710e-03 -2.538553382648154472e-02 -1.087644369537047037e-03 4.009026009415932179e-03 -5.607668727019492032e-03 -1.127228134695865136e-02 -9.034161776417479542e-03 -1.497952000747554673e-03 -2.752930269843135470e-03 5.679052373634551655e-03 -1.002745261770284814e-02 1.915341189125036384e-02 2.301726676408876859e-03 2.194129997014146981e-03 2.607405983776859074e-02 -5.610835513778712064e-03 -5.200475607731396867e-03 -6.314235482691225171e-03
1.810122461494836216e-02 -6.627159420939381963e-03 -2.525769116904743022e-03 1.674003644024339851e-04 -2.413898970703554688e-03 -1.112165627876288837e-02 -2.505330395103304731e-03 -4.383539969847211754e-03 -3.408530188562708309e-04 -2.820022203151196713e-02 -2.024981733804388697e-03 -4.876397937003008366e-03 -3.510425263064570305e-03 8.729660865634515376e-01 -5.262854877704973774e-03 -3.857999737530362280e-03 -4.257324547900805285e-03 -2.434157239789944138e-03 -1.707301213195473255e-03 -2.337062002791931176e-03 8.659707047922989356e-03 -2.877261692150645273e-03 5.898431894668942216e-03 -3.723522942725744200e-03 -6.128461906007753174e-03 -6.822178800312943010e-04 7.267997943437951892e-03 -2.490615598904380359e-03 -9.669361323202468276e-04 -8.595059457825754033e-04 1.446636309515946786e-03 -8.510243701770787983e-03 -2.363334075175004055e-04 1.086150118745359688e-02 1.212154637855860674e-02 -8.813334607213030650e-03 -3.994022858264142765e-03 5.672844569750353470e-03 8.076260467981532035e-03 -3.247061693062600020e-04 -2.018765045964493118e-03 -4.633977941965611476e-03 4.404239501373389404e-02 -4.693994433094607864e-03 1.437766286425302574e-03 -7.659251790705833875e-03 -1.574277328511093123e-03 -5.056317618942312610e-03 -2.257221553378852517e-03 -6.186864370155834188e-03 -2.742895028279474651e-03 3.347071865207417070e-03 -5.274995647052646043e-03 -8.721259374840511797e-04 -1.242609052501304594e-02 -4.038806533583492314e-03 3.561127692292677914e-03 3.061531112618470687e-03 2.032314080515329122e-02 -2.014826087169745324e-03 6.256316154091898576e-03 -1.208390676768644105e-03 -2.076868422601307624e-03 -9.797133799107839332e-04 -3.395603216559773879e-04 -9.337797339697924198e-04 -7.653013037227097666e-04 -9.165117931039436922e-04 -9.800004289592394082e-04 -1.116225090404076572e-03 -6.161595273521480818e-04 -1.300583689473857468e-03 -8.778041423708747874e-04 -4.664108293274516035e-04 -1.015875845414958810e-03 -5.134774141339187034e-04 -1.073271790875002848e-03 -7.472690573134832277e-04 -1.796287619781054043e-04 -4.419142992884896731e-04 -3.608584728684084177e-04 -3.709553410444097420e-04 -8.052264260785228648e-04 -5.615897001503195908e-04 -5.612918428541339294e-04 -7.370439656631344680e-04 -1.082884073597334493e-03 -6.748223026799627430e-04 -5.619543687378031295e-04 -3.358822450727826179e-03 -7.445422504936317519e-04 -4.870271195729026430e-04 -6.889226622553332700e-04 1.996439820954684641e-02 -9.059345057356699800e-04 -6.807596460895204990e-04 -1.207323083307944907e-03 -2.352374256438092724e-04 -9.558929289259608534e-04 -6.465497186682661254e-04 -4.592744200141723890e-04 -5.532604225997784933e-04 1.202331113567708682e-03 -1.105044446286772416e-03 -3.746362458251688374e-04 -2.426671875878206371e-03
